3,2
3,1
3,3
10,242
10,80
10,98
10,244
10,222
10,178
10,170
10,214
11,20
11,4
11,6
11,18
11,22
11,10
8,11
8,6
8,2
8,3
54,4
54,3
54,2
54,1
54,0
53,3
53,2
53,1
53,0
52,3
52,2
52,1
52,0
51,5
51,4
51,3
51,2
51,1
51,0
50,4
50,3
50,2
50,1
50,0
48,5
48,4
48,3
48,2
48,1
48,0
45,5
45,4
45,3
45,2
45,1
45,0
43,5
43,4
43,3
43,2
43,1
43,0
34,5
34,1
20,3
20,2
20,1
19,3
19,2
19,1
12,3
12,2
12,1
11,28
11,27
11,24
11,23
11,21
18,1
11,17
18,3
11,16
11,12
11,8
11,3
11,2
11,1
14,1
10,301
14,3
10,288
10,287
13,1
10,284
13,3
10,272
10,260
10,228
10,216
10,201
10,198
10,193
10,183
10,117
